==========================================================
GROUP  VA     BC     USAGE/KWH  MP/KWH			   LC
                     1  2	  3   1    2    3
----------------------------------------------------------
S-1	   220    14800  -  -   -   -    -    -    -
S-2	   450    10000  0  30  60	123  265  360  5000
       900    15000  0  20  60	200  295  360  10000
       1300   25000  0  20  60	250  335  405  15000
       2200   27000  0  20  60	250  370  420  20000
       3500   30500  0  60  -   380  430  -    50000
       6600   30500  0  60  -   380  430  -    75000
       14000  30500  0  60  -   380  430	-    100000
==========================================================
